$ANSIBLE_VAULT;1.1;AES256
36663166303839643966353230323961366134303334373565306363336434323765343365336462
3461663938313261663037323037326361333232303432630a343339653662333366616232666533
65663531663636373936323933356161323539336364643934353262636362656437656465626438
3266633334373731610a303430336663613366383938653664663831353663356261393436653530
32653839343338333633323563396362616137383432353362333966663266663963333530343035
34316239626431623534363463353965336433633438373365633235653835376133356434393365
66633063636233343437346366646136383932396331666537316234643230393339363939333163
34333033366434613861383665326338616362313630656636363133323138613138366139316132
33616530323938623830353331386666663461326461393833373264666237623162343861316366
35636166323038613964623336333934623932643363646666626636346536356334343037313766
30396163653632633530343135393866313637396332336237646134316361663462373430386539
62323031613436356131383730366332316237333065383632656662333232646539613935326530
34323636353137633035386363346637383664306338373364393134316137376334666666366330
32356232656461353564626532636538623861303034626130333039393363346365623830306462
37383966633063303137386632383633303235623162646530316664393761326339616138663038
37633566626439343433346431666362373432333533616161383132386635666363633765383961
33613237666530386134656336303462663238636334613065353861613237363231323364633334
66633166373431613762396435343564316137663539636330353831303030626364306561666131
33386135323861396530316531353839663436653534666166623662653938363362666533663865
38343531646633353132316265316431613036383930313930636463663138346565366563313139
33353937343030376564303031376630323233343930383365616630343931646631623135633731
38353066366432353435306439326533343938323839663033343566333734643135346231653364
37653339633863366161343331353064343537396433613466303235633363613634316134376462
61326331313366396662313236613561643439666233366136663637613532306433626131323636
64336337383636316435373265643530656539643737393338396435646664346263
