$ANSIBLE_VAULT;1.2;AES256;pul
37393964386238646663313439623561646162313065393930623130383538383762376361363839
3830363733363366313266666164646362363865623162610a343031366566363234393862626565
37623061396639303837303461313464366434613661376265616630383733633334333734336333
3439346237613137350a393861653431383164346234653538373733373733373761653834646366
35386432333966623961633261323439393335313565363838623761393763373638316665306533
63333032393464353134653662633032653236633562363632323730313033613061623332616131
32643762313739333961626266656232366334663764633866393036653963323164363264633031
32336431363463616336346133363234373036363365306664396163373236313634373139396231
36646134303431393335386635623831303165663435393831633932616433643139666464633935
64666664363238346166373632313936333962383265643339623237363737656630313331623137
31336561316463663636663235323566303837366665326264386361396563636338646365326334
32316464336537323763393831663862636165663263656135663737623563373433366166636163
34366362323038316364313932316566613765323462303433393434623231663664363739336262
31336338383436303166383336396131313662336132383262646364626133356532633936386535
36343165373537356562613638623464356630383464353161643661633765366362313738343966
38393562616538303138333635323337343061373032383936363837663736316130343837393864
30346466303864393364393730613839373137333439393933633939356435623236343666633536
63306134376333643131366662346238666633613339353838373538666433643765373236633139
62633062343962663534393035663232316137326635666638353862396333636163646434353861
30663931326539313639373131373761343066333739633036353161376438323266386436303933
31333839356137333561626433303034323035646161623632336634323363353564323235316539
38396235663436313137363436656361616636623335396530303134313463636135393037653265
31613337646635313337646532623837396439303461393036636434393436353036326431643566
32353336346139616438633333323232626564303133633530383533363833393835306238373164
30636564643730346539366633313531356634626666373838336238626338353638366437373433
3839373137373432386339316139616134343032626562363137
