$ANSIBLE_VAULT;1.2;AES256;pul
35343631636235313230333230626638306133333835396333373734373531393461643563363932
3731366434643766613636623861326337393036646130650a313332613339653165643935346532
31363562616366633766306638303730396434383262313366646431663038623132616437376137
3466383365373166640a303236303865333165393538333164393433616637376231363138316631
34333135663466353635613137663061643831343661663933313333306365666638393963313837
63626532643631353333396535313964343132383034653763613034643137356661343634626434
64326331623966613633366533303233656332636635396235613363353539353232663239386264
65386531626465396539323833613135613333353133393266306263353961396666336336393562
65356464643939653939346238383465653038613863633532633565353534623732666334386534
38613461653233623663646463386339386666613535653831366631633539613334323930323465
38623937663839363863306461343461326339643762396564326236363839656635333663666666
62346337653936636332376234666332326662333032323833623736666432303131363763353530
39623964656136613133336335663366333564303735643063333730613135613736323862303961
33343236326338363562666538633163666566333538346132616364643439353765666436376261
61313633633239323834313264383439643764613863636439373936333866633830336237613835
33383431343465396630653865306435613865386633333138316230663465363839323335393164
63376162616530333764323232356165343438366162313638316130373466613938383634666235
32386437623936613062316634383165666233616531663661323232353138343535653065656161
39386435323463316434306235386134643765396131663730373533646132626233663337383230
64333534663734633864323764633265346236363332343966313432356166323235353736373932
38323535643063323039613436643466666666313935303536653331666161383664653566633163
61373939643864346635356230633933363964653832316133653531653433633835646363623765
64343439323134366431343462663462656665666365326261616566646363303432353435383534
34663239643032353435633432663437383138663463633935343164376137373630386339666265
34303032633234666465623466616133333864313839396264323437376338333565
